X0=0.622866
X1=-0.850455
X2=-0.231101
X3=-2.907088
X4=3.509975
X5=1.141597
X6=-1.745617
X7=1.541709
X8=3.366162
X9=1.517984
X10=-0.261760
X11=0.245506
X12=1.114319
X13=1.481256
X14=-1.411955
X15=-1.370294
X16=-1.587454
X17=0.579938
X18=-2.618785
X19=0.176494
